# tic-pair run 2, 2026-09-08 19:23-19:33 PDT: .18 entry pulse (GPIO23, rp1_pps_debug_gpio=23, emitted AFTER the PCIe INTS read) -> .17 GPIO22 (runtime pps-gpio overlay, pps@16)
# .17 use_early=0 for the run (both instances leaf-stamped; delta17=0), interval = debug_leaf - gps_leaf on .17's clock, ns
# run 1 (use_early=1) was void: the second pps-gpio instance adopted the GPS pulse's entry stamp (guard accepts <50 us) -> every interval = -990
tic-pair: n=60 median 3352 mean 3388 robust 248 p99|dev| 389 min 2981 max 3833 ns
tic-pair: n=120 median 3371 mean 3418 robust 246 p99|dev| 592 min 2944 max 4944 ns
tic-pair: n=180 median 3408 mean 3437 robust 246 p99|dev| 573 min 2944 max 4944 ns
tic-pair: n=240 median 3408 mean 3431 robust 234 p99|dev| 573 min 2944 max 4944 ns
tic-pair: n=300 median 3407 mean 3424 robust 221 p99|dev| 574 min 2944 max 4944 ns
tic-pair: n=360 median 3389 mean 3411 robust 246 p99|dev| 592 min 2908 max 4944 ns
tic-pair: n=420 median 3389 mean 3416 robust 246 p99|dev| 574 min 2908 max 4944 ns
tic-pair: n=480 median 3389 mean 3414 robust 246 p99|dev| 592 min 2870 max 4944 ns
tic-pair: n=540 median 3389 mean 3408 robust 246 p99|dev| 574 min 2834 max 4944 ns
tic-pair: n=600 median 3388 mean 3398 robust 246 p99|dev| 593 min 2815 max 4944 ns
# final: n=601 median 3388 mean 3399 robust 246 p10 3111 p90 3703 min 2815 max 4944 ns
# CSV gps_sec,interval_ns follows
1788920575,3537
1788920576,3481
1788920577,3333
1788920578,3186
1788920579,3055
1788920580,3185
1788920581,3334
1788920582,3630
1788920583,3704
1788920584,3167
1788920585,3408
1788920586,3333
1788920587,3556
1788920588,3667
1788920589,3296
1788920590,3408
1788920591,3278
1788920592,3296
1788920593,3018
1788920594,3593
1788920595,3426
1788920596,3630
1788920597,3112
1788920598,3167
1788920599,3259
1788920600,3241
1788920601,2981
1788920602,3352
1788920603,3148
1788920604,3389
1788920605,3648
1788920606,3186
1788920607,3648
1788920608,3463
1788920609,3333
1788920610,3592
1788920611,3519
1788920612,3518
1788920613,3703
1788920614,3352
1788920615,3537
1788920616,3741
1788920617,3222
1788920618,3351
1788920619,3593
1788920620,3444
1788920621,3518
1788920622,3129
1788920623,3833
1788920624,3685
1788920625,3630
1788920626,2981
1788920627,3389
1788920628,3223
1788920629,3130
1788920630,3166
1788920631,3352
1788920632,3315
1788920633,3666
1788920634,3241
1788920635,3981
1788920636,3185
1788920637,3203
1788920638,3667
1788920639,3371
1788920640,3630
1788920641,3241
1788920642,3537
1788920643,3426
1788920644,3870
1788920645,3297
1788920646,3296
1788920647,3629
1788920648,3222
1788920649,3222
1788920650,3408
1788920651,3223
1788920652,3907
1788920653,3240
1788920654,3297
1788920655,3741
1788920656,3408
1788920657,3223
1788920658,3519
1788920659,3537
1788920660,3296
1788920661,3481
1788920662,3259
1788920663,3593
1788920664,3148
1788920665,3074
1788920666,3592
1788920667,3296
1788920668,3555
1788920669,3500
1788920670,3260
1788920671,3871
1788920672,3482
1788920673,3167
1788920674,3592
1788920675,3259
1788920676,3296
1788920677,3315
1788920678,3371
1788920679,2944
1788920680,3630
1788920681,3352
1788920682,3408
1788920683,3963
1788920684,3167
1788920685,3481
1788920686,3037
1788920687,3611
1788920688,3592
1788920689,3204
1788920690,3370
1788920691,3630
1788920692,4944
1788920693,3352
1788920694,3482
1788920695,3426
1788920696,4000
1788920697,3537
1788920698,3537
1788920699,3537
1788920700,3278
1788920701,3093
1788920702,3722
1788920703,3259
1788920704,3796
1788920705,3111
1788920706,3352
1788920707,3204
1788920708,3185
1788920709,3407
1788920710,3574
1788920711,3314
1788920712,3389
1788920713,3222
1788920714,3481
1788920715,3000
1788920716,3685
1788920717,3463
1788920718,3741
1788920719,3352
1788920720,3463
1788920721,3315
1788920722,3278
1788920723,3314
1788920724,3537
1788920725,3778
1788920726,3703
1788920727,3519
1788920728,3685
1788920729,3278
1788920730,3556
1788920731,3815
1788920732,3741
1788920733,3574
1788920734,3555
1788920735,3556
1788920736,3333
1788920737,3630
1788920738,3389
1788920739,3704
1788920740,3297
1788920741,3741
1788920742,3259
1788920743,3463
1788920744,3518
1788920745,3277
1788920746,3370
1788920747,3611
1788920748,3277
1788920749,3667
1788920750,3389
1788920751,3204
1788920752,3834
1788920753,3667
1788920754,3481
1788920755,4018
1788920756,3204
1788920757,3389
1788920758,3482
1788920759,3166
1788920760,3389
1788920761,3370
1788920762,3481
1788920763,3723
1788920764,3611
1788920765,3500
1788920766,3482
1788920767,3259
1788920768,3686
1788920769,3222
1788920770,3278
1788920771,3130
1788920772,3555
1788920773,3241
1788920774,3481
1788920775,3463
1788920776,3444
1788920777,3463
1788920778,3704
1788920779,3426
1788920780,3445
1788920781,3056
1788920782,3388
1788920783,3130
1788920784,3408
1788920785,3240
1788920786,3815
1788920787,3519
1788920788,3666
1788920789,3500
1788920790,3278
1788920791,3667
1788920792,3630
1788920793,3204
1788920794,3630
1788920795,3407
1788920796,3149
1788920797,3092
1788920798,3445
1788920799,3352
1788920800,3481
1788920801,3333
1788920802,3574
1788920803,3556
1788920804,3222
1788920805,3074
1788920806,3371
1788920807,3278
1788920808,3407
1788920809,3204
1788920810,3612
1788920811,3981
1788920812,3296
1788920813,3056
1788920814,3204
1788920815,3111
1788920816,3333
1788920817,3630
1788920818,3203
1788920819,3667
1788920820,3314
1788920821,2963
1788920822,3426
1788920823,3556
1788920824,3592
1788920825,3926
1788920826,3315
1788920827,3259
1788920828,3352
1788920829,3148
1788920830,3444
1788920831,3760
1788920832,3278
1788920833,3815
1788920834,3074
1788920835,3482
1788920836,3648
1788920837,3222
1788920838,3259
1788920839,3760
1788920840,3426
1788920841,3611
1788920842,3315
1788920843,3500
1788920844,3407
1788920845,3148
1788920846,3259
1788920847,3593
1788920848,3444
1788920849,3296
1788920850,3556
1788920851,3297
1788920852,3463
1788920853,3426
1788920854,3334
1788920855,3444
1788920856,3130
1788920857,3278
1788920858,3463
1788920859,3278
1788920860,3129
1788920861,3611
1788920862,3092
1788920863,3315
1788920864,3537
1788920865,3000
1788920866,3260
1788920867,3851
1788920868,3333
1788920869,3370
1788920870,3185
1788920871,3574
1788920872,3537
1788920873,3408
1788920874,3241
1788920875,3352
1788920876,3222
1788920877,3204
1788920878,3204
1788920879,3352
1788920880,3463
1788920881,3408
1788920882,3204
1788920883,3186
1788920884,3500
1788920885,2908
1788920886,3463
1788920887,3111
1788920888,3667
1788920889,3463
1788920890,3296
1788920891,3334
1788920892,3315
1788920893,3167
1788920894,3352
1788920895,3592
1788920896,3333
1788920897,3130
1788920898,3240
1788920899,3926
1788920900,3556
1788920901,3019
1788920902,3556
1788920903,3130
1788920904,3185
1788920905,2963
1788920906,3074
1788920907,3167
1788920908,3686
1788920909,3167
1788920910,3111
1788920911,3519
1788920912,3166
1788920913,3056
1788920914,3611
1788920915,3704
1788920916,3722
1788920917,3037
1788920918,3166
1788920919,3778
1788920920,3055
1788920921,3259
1788920922,3908
1788920923,3444
1788920924,3389
1788920925,3259
1788920926,3407
1788920927,3408
1788920928,3389
1788920929,3278
1788920930,3334
1788920931,3926
1788920932,3223
1788920933,3611
1788920934,3314
1788920935,3611
1788920936,3445
1788920937,3167
1788920938,3222
1788920939,3759
1788920940,3389
1788920941,3537
1788920942,3222
1788920943,3649
1788920944,3334
1788920945,3759
1788920946,3352
1788920947,3537
1788920948,3222
1788920949,3463
1788920950,3833
1788920951,3352
1788920952,3296
1788920953,3556
1788920954,3315
1788920955,3574
1788920956,3426
1788920957,3370
1788920958,3611
1788920959,3592
1788920960,3370
1788920961,3351
1788920962,3463
1788920963,3315
1788920964,3648
1788920965,3203
1788920966,3797
1788920967,3685
1788920968,3333
1788920969,3037
1788920970,3371
1788920971,3611
1788920972,3870
1788920973,3537
1788920974,3352
1788920975,3351
1788920976,3260
1788920977,3333
1788920978,3760
1788920979,3519
1788920980,3593
1788920981,3481
1788920982,3482
1788920983,3815
1788920984,3204
1788920985,3314
1788920986,3407
1788920987,3519
1788920988,3185
1788920989,3092
1788920990,3074
1788920991,3389
1788920992,3519
1788920993,3407
1788920994,3463
1788920995,3426
1788920996,3389
1788920997,3278
1788920998,3445
1788920999,3388
1788921000,3796
1788921001,3241
1788921002,3278
1788921003,3555
1788921004,2870
1788921005,3241
1788921006,3685
1788921007,3259
1788921008,3500
1788921009,3926
1788921010,3185
1788921011,3519
1788921012,3315
1788921013,3166
1788921014,4037
1788921015,3222
1788921016,3185
1788921017,3444
1788921018,3444
1788921019,3000
1788921020,3778
1788921021,3166
1788921022,3240
1788921023,3630
1788921024,3389
1788921025,3444
1788921026,3315
1788921027,3296
1788921028,3741
1788921029,3371
1788921030,3667
1788921031,3000
1788921032,3222
1788921033,2981
1788921034,3648
1788921035,3018
1788921036,3592
1788921037,3333
1788921038,3667
1788921039,3482
1788921040,3518
1788921041,3019
1788921042,3741
1788921043,3074
1788921044,3666
1788921045,3259
1788921046,3278
1788921047,3018
1788921048,3463
1788921049,3481
1788921050,3778
1788921051,3889
1788921052,3426
1788921053,3167
1788921054,3296
1788921055,3407
1788921056,3833
1788921057,3333
1788921058,3593
1788921059,3575
1788921060,3370
1788921061,3111
1788921062,3204
1788921063,3333
1788921064,3333
1788921065,3667
1788921066,3352
1788921067,3444
1788921068,3203
1788921069,3166
1788921070,3704
1788921071,3092
1788921072,3370
1788921073,3629
1788921074,3407
1788921075,3037
1788921076,3352
1788921077,3333
1788921078,3519
1788921079,3056
1788921080,3371
1788921081,3630
1788921082,3297
1788921083,3167
1788921084,3092
1788921085,3519
1788921086,3074
1788921087,3463
1788921088,2834
1788921089,3703
1788921090,3148
1788921091,3240
1788921092,3130
1788921093,3241
1788921094,2944
1788921095,3797
1788921096,3167
1788921097,3500
1788921098,3111
1788921099,3389
1788921100,3037
1788921101,3500
1788921102,3574
1788921103,3777
1788921104,3407
1788921105,3556
1788921106,3759
1788921107,3408
1788921108,3389
1788921109,3408
1788921110,3297
1788921111,3630
1788921112,3425
1788921113,3445
1788921114,3018
1788921115,3519
1788921116,3148
1788921117,3592
1788921118,2963
1788921119,3296
1788921120,2815
1788921121,3074
1788921122,3519
1788921123,3444
1788921124,3166
1788921125,3629
1788921126,3204
1788921127,3426
1788921128,3611
1788921129,3111
1788921130,3167
1788921131,3630
1788921132,3093
1788921133,3388
1788921134,3241
1788921135,3222
1788921136,3056
1788921137,3574
1788921138,3093
1788921139,3315
1788921140,4000
1788921141,3148
1788921142,3462
1788921143,3444
1788921144,3315
1788921145,3685
1788921146,3056
1788921147,3370
1788921148,3055
1788921149,3388
1788921150,3019
1788921151,3167
1788921152,2982
1788921153,3223
1788921154,3370
1788921155,3167
1788921156,3259
1788921157,3204
1788921158,3389
1788921159,3592
1788921160,3092
1788921161,3148
1788921162,3482
1788921163,3241
1788921164,3111
1788921165,3130
1788921166,3000
1788921167,3685
1788921168,3408
1788921169,3259
1788921170,3852
1788921171,3056
1788921172,3611
1788921173,3333
1788921174,3426
1788921175,3686
